1002,1002019,'100000',591,592,593,594,595,596,597,598,599,600,601,602
1002,1002019,'100013',1,2,3,4,5,6,7,8,9,10,11,12,13,14,15,16,17,18,19,20,21,22,23,24,25,26
1002,1002019,'100019',27,28,29,30,31,32,33,34,35,36,37,38,39,40,41,42,43,44,45,46,47,48,49,50,51,52,53,54,55,56,57,58
2002,2002019,'100000',603,604,605,606,607,608,609,610,611,612,613,614
2002,2002019,'100013',531,532,533,534,535,536,537,538,539,540,541,542,543,544,545,546,547,548,549,550,551,552,553,554,555,556
2002,2002019,'100019',85,86,87,88,89,90,91,92,93,94,95,96,97,98,99,100,101,102,103,104,105,106,107,108,109,110,111,112,113,114,115,116
3001,3001019,'100000',633,634,635,636,637,638,639,640,641,642,643,644
3001,3001019,'100013',615,616,617,618,121,619,123,620,125,621,127,622,129,623,131,624,133,625,135,626,627,628,629,630,631,632
3001,3001019,'100019',143,144,145,146,147,148,149,150,151,152,153,154,155,156,157,158,159,160,161,162,163,164,165,166,167,168,169,170,171,172,173,174
4001,4001019,'100013',175,176,177,178,179,180,181,182,183,184,185,186,187,188,189,190,191,192,193,194,195,196,197,198
4001,4001019,'100019',199,200,201,202,203,204,205,206,207,208,209,210,211,212,213,214,215,216,217,218,219,220,221,222,223,224,225,226
5001,5001019,'100000',645,646,647,648,649,650,651,652,653,654,655
5001,5001019,'100013',227,228,229,230,231,232,233,234,235,236,237,238,239,240,241,242,243,244,245,246,247,248,249,250,251
5001,5001019,'100019',252,253,254,255,256,257,258,259,260,261,262,263,264,265,266,267,268,269,270,271,272,273,274,275,276,277,278,279,280,281,282
6001,6001019,'100000',656,657,658,659,660,661,662,663,664,665,666
6001,6001019,'100013',557,558,559,560,561,562,563,564,565,566,567,568,569,570,571,572,573,574,575,576,577,578,579,580,581
6001,6001019,'100019',308,309,310,311,312,313,314,315,316,317,318,319,320,321,322,323,324,325,326,327,328,329,330,331,332,333,334,335,336,337,338
7001,7001019,'100000',684,685,686,687,688,689,690,691,692,693,694
7001,7001019,'100013',667,668,669,670,671,344,672,346,673,348,674,350,675,352,676,354,677,356,678,358,679,680,681,682,683
7001,7001019,'100019',364,365,366,367,368,369,370,371,372,373,374,375,376,377,378,379,380,381,382,383,384,385,386,387,388,389,390,391,392,393,394
8001,8001019,'100019',395,396,397,398,399,400,401,402,403,404
9001,9001019,'100019',405,406,407,408,409,410,411
10001,10001019,'100020',695,696,697,698,699
61001,61001019,'100019',412,413,414
61002,61002019,'100019',415,416
